-6.64 -6.99
-6.66 1.33
-2.52 6.73
8.82 7.99
13.06 4.29
9 3
5.38 4.01
3.6 4.21
-6.18 5.45
-9.78 4.71
-11.74 0.15
-11.24 -4.27
-9.04 -8.15
-3.26 -8.47
-0.94 -3.51

7.58 -6.55
4.56 -5.35
1.22 -3.11
-0.6 -0.07
-1.1 1.47
-0.42 3.03
2.46 3.11
6.16 3.19
7.96 2.71
9.08 2.45
11 2
12.86 -0.31
13.28 -3.63
12.7 -6.47
11.16 -7.75
9.1 -8.35
7.12 -8.21
4.12 -7.51
1.82 -6.51
0 -4
-0.3 -2.73
-1.16 -0.71
-1.78 0.23
-2.74 1.39
-4.84 0.69
-4.84 -1.73
-4.94 -3.73
-4.84 -5.97
-5.14 -7.07
-6.72 -7.63
-8.52 -6.83
-9.14 -4.81
-9.46 -1.61
-9.6 1.03
-8 4
-7.26 6.87
-8.06 8.37
-5.86 8.85
1 8.51
4.6 8.07
6.44 7.55
8.04 6.71
10.14 5.75
10.96 5.83
11.98 6.57
